1770 107
2510 3282
2006 7
5287 5234
15 580
3410 7
2864 11
3200 992
5259 2
4257 7
1842 1814
90 2261
2903 459
609 1599
2155 137
2640 2885
3164 1
5399 4644
197 764
5408 3391
607 914
312 587
1970 431
4002 15
2204 979
5151 257
2192 597
5128 2
4238 2287
2710 7
1651 1728
1942 82
116 2065
840 3336
3717 3718
6282 2
2538 35
3126 7
1026 923
5935 225
448 440
1642 1643
1644 1645
4042 140
2641 842
2277 1387
2278 58
3433 35
5909 11
64 1985
1126 459
750 749
545 11
2223 1006
545 9
4639 456
2403 485
6144 137
4 4
3670 979
3757 155
5986 137
1280 294
601 966
5378 1728
3782 2741
2537 530
1574 77
4200 17
1395 604
4198 305
4675 2740
1799 289
776 560
3334 128
1848 2442
1632 1634
3199 6196
2535 1
23 1362
871 225
2217 1387
746 17
737 738
1862 289
4556 97
4988 15
3748 437
197 17
74 1882
1775 7
15 1357
708 1547
970 1822
2463 107
1914 1300
2904 11
4534 953
3040 2306
3557 1599
3977 1298
3068 578
1780 82
2463 1072
2793 1222
6259 1039
367 3654
4175 225
6013 1004
3100 1
2978 1664
1575 366
4636 1483
1510 58
2385 2385
601 84
914 5590
4096 4097
3705 5405
1095 831
5733 258
2006 674
967 459
5701 1645
2304 2303
5182 1401
3016 290
5864 1
5998 3855
4960 137
440 361
1037 11
280 815
573 2
3207 289
2379 456
1130 62
5760 93
886 14
5999 1439
2570 528
5222 382
323 104
6004 2795
15 1398
618 2
1173 686
5397 374
1421 1001
4848 6216
6102 11
4083 587
1003 102
335 137
4703 382
5457 5412
84 1641
4980 257
2606 431
3240 3240
3938 114
5352 64
5838 1284
3101 1964
2600 1
1478 1467
1982 732
2840 406
3424 3092
205 776
3176 77
3959 437
208 238
2284 2284
2214 2214
277 151
5380 5381
5920 225
15 225
4111 35
6235 3254
2999 107
5052 112
2705 257
2136 137
2262 290
2025 137
3902 2239
1913 2559
4345 562
4159 3015
394 1822
5820 7
5025 3695
6012 83
1955 97
2989 2898
4400 920
6189 5932
1896 17
3993 35
4875 1
3179 7
2693 1377
5280 5273
4877 2002
5555 1
6010 1964
4743 579
1301 1450
2370 294
2602 285
3951 7
4625 4760
1910 2226
6269 11
1118 327
5347 92
371 221
2981 4290
4542 257
4091 4091
4535 1969
3233 17
514 241
1928 1
1562 7
4694 9
81 519
473 5451
4316 2
5692 5279
4626 254
1451 530
1262 23
1095 574
1704 85
2316 930
3417 192
1189 1152
777 214
1746 3834
6215 5620
220 83
90 11
5913 1
1397 1316
470 1215
1725 2291
1740 1740
3630 422
3082 11
1696 947
2396 225
997 7
772 776
772 777
3948 1068
2269 257
2011 137
421 666
329 4842
773 4680
4749 587
5123 7
155 3009
5334 807
4246 1685
2585 128
2790 2736
3984 2946
601 27
155 97
1582 2002
1602 2
4748 1247
196 469
1720 2246
1923 587
781 351
4332 1
171 1505
3801 2108
2517 506
326 459
5244 2741
4761 1
1390 726
4692 97
772 1474
3501 1964
4227 17
2670 1650
1977 336
4082 1463
3965 3966
698 407
3765 2664
1080 407
19 893
5746 257
3482 1577
1395 1
5087 11
3990 3991
5540 1810
5221 2
4673 35
4074 4073
362 726
3136 2905
121 4939
3141 1
5941 225
84 2
2938 109
3388 3389
1531 114
2209 15
2996 537
2209 11
4987 4101
2174 3862
6264 11
4634 11
45 2
752 327
1632 3655
2233 1079
1196 327
472 2
5051 2
2950 118
1573 742
5090 1739
6068 11
4077 314
1140 214
2213 128
203 188
234 11
5134 45
5759 953
2576 3938
5001 257
1160 137
2246 90
1297 2941
4739 25
5475 9
5597 27
5878 5878
5971 137
2003 1084
2135 1006
4606 225
1940 289
2366 1347
5559 1146
2885 50
2103 137
1095 9
3083 7
1057 2091
5088 5093
1978 137
1873 927
814 62
611 1406
468 876
4918 2
864 3575
678 1609
5736 11
1129 157
155 151
440 366
433 5506
3071 25
5661 582
3826 538
3514 3319
5583 225
1470 137
795 351
82 3727
3823 253
5460 1401
3837 5472
4677 257
1685 1725
767 214
5343 75
3984 3163
3469 6230
2291 581
2466 360
5101 320
109 505
4665 68
3652 327
1445 2412
2417 1726
3721 2810
5085 289
5636 35
772 407
532 1044
1638 1638
6078 5454
4952 91
1891 82
2082 214
3441 225
6114 1660
2086 1947
5814 289
5777 382
1949 947
652 17
3673 1
4782 4842
3673 456
1427 1052
1600 995
5591 6226
5821 93
4589 225
6033 5356
705 9
902 11
2142 137
902 15
1049 191
4434 2898
734 1
3116 107
2672 1599
2709 600
2165 1659
5118 2442
2291 593
1137 407
4908 221
4014 116
2067 62
2588 2589
1768 35
15 275
330 1401
1105 645
2626 225
675 17
662 5119
375 285
325 320
1546 1236
2612 2615
2300 2
968 5739
276 11
4620 225
3129 122
5780 1422
1043 1043
4460 4116
3369 1
440 104
1540 1494
3591 1403
2590 2214
3904 114
2782 4018
1041 1482
129 67
2079 137
6152 2300
4766 225
1629 1307
588 406
3262 2630
5479 5477
2330 2330
3973 3887
4699 11
973 2
373 11
2354 5
1272 2
3368 3368
5447 225
1224 2987
524 357
1785 1461
2490 1052
4538 4357
772 783
3136 1185
4207 1882
225 15
3020 1615
64 327
3784 225
4254 456
5646 2741
1934 97
5793 456
5024 1654
3616 2898
516 5312
4750 257
4430 4430
329 11
1933 267
1505 592
499 289
5332 2617
5612 5612
2755 7
261 33
508 823
1982 1748
680 3575
2220 92
2015 137
1247 437
3959 936
736 7
3848 4061
1372 1328
2126 377
44 298
1390 996
4450 3281
5809 97
5042 137
5367 5354
1277 1361
6 50
301 606
2213 553
979 1600
277 1891
3426 6310
818 327
990 27
1958 114
52 1702
90 523
4295 1732
840 547
4471 1036
2033 753
1351 1725
68 2
3730 1889
1839 4760
924 914
2300 225
5490 4871
159 137
1017 2524
1575 9
4573 1344
2776 456
913 528
5452 124
3762 11
468 505
2690 1186
2880 140
1277 1907
232 137
1086 249
702 11
145 2
601 4805
2230 4121
5031 2
944 2364
5783 3461
374 2566
1949 2
4890 257
3595 17
3665 1
3549 11
3195 1344
2832 298
4825 257
6267 11
2848 1284
833 137
1235 3896
1573 2
5181 1796
4565 5087
3255 287
1878 221
1995 214
2809 2524
274 257
3975 4
4261 7
1095 2510
130 15
1593 1697
1535 19
111 538
406 2145
2962 97
167 2
2368 2674
2759 9
3015 538
320 325
2853 11
4268 4264
3061 3185
3760 7
3015 2919
2335 109
3222 1006
4906 914
2720 2530
1270 1015
760 760
609 157
3794 257
80 1846
3958 431
4827 4827
2877 947
239 11
5216 4145
1905 97
1891 441
1989 11
1480 137
3127 606
3673 9
5369 2610
5837 225
1041 4612
1694 4903
3035 7
4634 6265
5802 289
375 448
5063 3753
1519 267
5847 5847
5315 225
3595 77
1622 1552
3939 3940
1895 1655
1997 137
390 590
4617 11
150 151
4414 1897
480 594
283 23
4746 257
4085 4878
2 86
1670 58
3075 1822
611 27
6007 7
2201 5014
1263 11
1190 137
6053 1632
3447 3455
212 213
5677 289
197 41
2065 11
369 137
4845 2898
390 343
4697 963
4422 4422
1257 1
1306 343
4627 11
64 2066
3883 953
1349 1
1254 1147
1487 327
919 97
616 616
1464 11
340 258
4325 1344
1383 440
4032 3588
198 1393
2389 4851
2775 140
2656 406
1820 11
3536 3548
5858 5859
5127 3009
1578 1259
982 11
3162 6211
5411 2
4614 585
3411 7
4376 4377
3190 1629
1250 410
2104 137
1459 211
323 1
1790 1948
4127 1344
205 327
46 45
602 1186
4066 7
5285 456
2433 1629
3921 1702
4594 137
329 25
4144 289
155 4724
45 1020
2551 2274
155 4448
5027 137
1977 90
144 9
4131 2943
3857 1715
935 895
4943 137
14 14
1078 131
4304 1186
1421 225
155 4710
21 4
4599 542
3856 1728
6300 6301
701 4740
2535 587
4996 3574
4051 257
134 140
5817 456
1472 1467
1981 1316
854 1265
57 1319
2127 439
4015 4016
1982 448
1815 293
3073 985
2695 1287
606 301
3692 530
1408 11
1939 947
2568 2765
4735 4736
4351 992
4142 4622
2417 104
5928 6179
559 797
1858 11
895 530
3959 590
5194 936
2806 257
5195 587
893 19
155 225
1114 137
929 909
1938 157
1432 873
4533 20
2888 366
4212 726
308 424
713 5528
3615 225
4105 140
2843 584
6286 257
3557 947
280 327
914 15
1913 439
1746 1779
5670 7
2849 140
1653 2
772 1104
2795 5871
4297 1368
92 1237
1408 50
5752 257
2794 600
3366 1102
2802 2802
1276 7
1007 1438
3130 530
3910 927
4840 7
3877 3753
4985 180
3734 3859
4778 15
2838 2
5004 5378
4582 214
3469 6092
2240 1793
2625 257
5216 4101
2738 2729
1638 35
5088 5088
1496 506
3348 924
5317 294
4341 3813
3077 992
6193 1186
5398 1401
1675 4886
2463 17
2463 16
3876 2174
2593 19
202 4263
3036 713
6002 11
6082 25
5848 5624
4922 473
2 15
2823 2821
2789 1726
3832 2174
2213 4005
355 214
1020 45
3525 257
3830 2317
3359 7
662 2205
3321 2762
705 1256
5889 289
1330 58
6166 2610
2249 109
144 2881
3611 225
4607 4608
64 55
4771 114
4397 5623
2534 157
601 4976
1746 618
5172 134
4481 2714
283 3
2720 257
1801 1805
48 1388
776 1514
4572 1186
254 1334
4478 15
3375 11
1881 327
2517 257
3514 3015
4177 4992
2659 2457
2220 35
2439 2526
2514 128
5242 2972
1494 1494
1525 1525
3583 3583
380 2
1102 691
1924 473
3202 3158
2641 225
59 530
1675 456
2979 5297
1373 1411
4895 11
1455 177
611 264
2814 1319
2193 4628
512 606
2174 3876
574 107
155 397
5680 257
1026 585
3438 889
17 2355
1730 7
4806 153
1569 2
5346 137
3924 90
1746 2323
542 2
2369 2369
551 552
2854 1367
5064 5063
6128 257
5728 7
6218 538
1333 2468
5944 7
4408 11
4675 140
3830 3830
873 727
22 23
1726 530
4520 137
1228 2845
1955 1300
4970 1284
1703 67
604 1045
15 37
433 434
5515 137
2944 2944
4488 410
4464 3006
864 864
1376 11
585 17
1656 1401
4017 3720
394 15
14 27
3740 606
1832 1831
4317 4832
2956 3015
3277 17
1721 473
1324 1300
3401 4674
5222 713
40 939
778 764
1706 1236
3311 431
4481 2555
3957 374
742 2
3599 5668
4841 456
2868 1319
5323 17
4333 7
3789 605
5033 137
4877 151
3385 831
1631 5983
529 1611
4924 4217
409 1985
1318 919
4993 289
6103 861
2623 2668
5866 1
2331 4751
65 717
1099 289
286 1284
1078 2018
649 1990
3028 3080
5506 801
5292 7
2019 202
502 1521
80 225
5429 1401
748 327
1127 214
2880 1327
4475 11
3822 298
1634 1632
1346 1346
543 195
390 279
393 2
5052 7
1773 1643
3581 862
1021 1021
3453 91
2433 297
3258 946
4496 109
4511 474
2197 632
2617 2
997 9
3045 58
2745 474
3393 3817
4225 17
152 15
6172 6171
1527 128
5926 4874
4561 289
5285 1150
2437 289
1254 7
2184 2184
589 1390
1081 137
4121 2230
235 11
1901 1901
3326 2766
1454 761
1632 5096
3238 257
331 3379
2533 390
3276 7
3641 170
2490 35
1126 14
4872 488
1333 431
230 474
5471 4658
2072 75
5344 587
1321 47
5867 3540
1535 422
1618 2
5456 944
5125 5113
3468 1964
391 996
3431 257
2433 2442
1576 1577
5219 2923
3931 582
1103 33
4099 58
4853 7
2290 506
5835 92
3072 3040
4761 456
3759 4720
650 651
1531 1968
2058 1344
3902 964
553 554
3186 9
3376 1039
2043 9
2382 546
3969 947
4196 97
45 3027
2174 4669
5504 327
98 2
2990 1409
4043 2
510 4148
3149 7
559 262
470 460
559 402
1406 27
3770 11
3707 977
3621 1726
299 964
2518 11
4133 1216
549 2
111 1779
468 468
329 3754
4071 4370
3954 717
776 266
5774 289
1315 3121
3930 11
2086 525
3523 3053
2627 530
6257 1284
3850 318
5282 1401
1802 1377
1299 1297
458 1697
5711 856
2413 474
2654 11
4918 2631
203 177
508 294
1056 3999
99 638
3419 2925
1026 360
1307 19
575 726
5411 114
5025 1728
1928 1450
2812 868
1307 163
772 54
502 894
234 1652
3892 1728
3070 11
5904 5832
3683 3683
197 1401
1020 562
6138 137
3944 1461
1349 951
923 27
601 1968
5913 717
5463 3535
919 5
2903 40
4436 1726
5218 140
5957 1
409 327
5149 5150
2367 257
146 7
3211 85
4642 2171
944 1739
2097 137
3591 3991
1755 257
1221 15
1721 4453
15 27
3010 547
517 11
1703 1909
603 3158
3300 1224
611 1011
2535 2535
740 3376
4955 27
221 151
928 157
79 80
1685 1661
2887 425
3367 1850
3036 90
1982 35
549 549
2914 7
4012 601
1838 1557
326 7
239 3552
559 625
5734 9
2286 551
1329 1319
784 263
2633 289
1343 2
629 17
2586 185
2620 2620
155 156
15 473
1124 47
4278 1
80 2
4285 717
4577 1065
4252 4343
1195 332
4881 456
1443 1443
2268 1909
5414 516
5544 1401
5992 5072
5988 90
693 692
5684 6081
4727 2979
4108 1
1333 1621
3852 11
421 62
1840 1653
2889 2844
1557 366
4661 4733
15 945
3644 877
5984 5984
4523 1822
2517 1
2189 1
2054 856
931 931
2154 1654
3382 1726
1460 173
5995 5995
1042 264
2561 430
2154 1534
2894 140
2091 104
2140 2140
2340 594
5101 390
2842 7
1429 1
72 1751
6231 7
5701 2282
1032 632
686 1132
2785 2786
1371 678
2754 2780
2156 263
3719 977
1157 6147
6003 89
902 456
3248 1
2069 137
901 663
2933 1964
6224 11
5929 985
3046 5698
344 344
3963 3680
3459 1
5376 137
2377 927
481 15
390 597
4229 4229
578 289
578 1287
4372 3376
3514 985
914 528
5069 5070
3036 2330
5959 17
3421 11
3036 6169
3605 1659
5939 225
2316 1984
5229 2
331 3135
914 587
3486 2
5800 257
3824 25
10 1
776 2073
4550 3981
74 2189
5206 430
5534 257
1654 1654
1783 45
1976 2805
2608 1319
2558 5495
2131 7
3216 1643
65 456
4188 2782
454 15
3589 456
2911 114
3335 257
4925 11
3392 1
374 3972
4635 1605
1429 9
2535 3918
1771 82
1350 0
782 772
3015 5797
5851 1
1881 357
1070 2018
1702 5121
125 851
5307 225
5555 2018
1505 789
1738 927
767 137
5205 5204
5630 700
4555 2
831 17
4260 118
2377 1618
900 678
5455 11
1573 11
4139 530
4481 2830
1816 7
3919 1
1613 11
3259 1
4501 2
2648 1261
2052 27
4801 7
2363 2340
725 913
2255 47
152 947
1573 1573
691 2
2067 177
411 121
1654 3368
4035 4035
601 2018
4399 3224
4801 225
1516 9
3210 1200
6329 4411
2782 4188
4355 3488
776 201
2581 1150
4224 1726
1187 1869
2174 2690
5120 5121
3474 1006
2915 1116
873 1534
394 155
571 90
676 17
593 823
2867 580
942 947
1311 1368
2323 257
2637 2636
2635 2569
5785 5784
141 80
4691 437
2463 336
1728 1682
7 7
5431 2
3394 406
6261 1284
3022 2651
2767 1225
1746 273
1731 2833
122 7
5065 5066
2134 137
17 1072
5079 14
4817 4818
2576 727
5003 456
3194 1
2008 1014
4790 1
1804 5
1908 2
882 2442
542 593
776 797
3213 1
3404 11
3908 3909
1395 864
2206 1599
3504 2866
2417 1146
3943 2
2698 374
285 1206
5386 7
5087 2425
5640 5641
2521 1146
5101 7
6233 6226
289 290
3849 3722
4348 11
4440 431
514 11
2754 2470
2308 295
721 116
2373 2282
109 294
1098 1556
3293 777
2422 530
4474 1599
6073 7
1883 97
482 11
440 3888
159 327
5812 257
3425 7
367 415
4416 1
2345 58
3537 3538
1943 2327
5179 576
2528 2
2245 15
3440 3267
1680 1680
114 3831
2463 1147
897 914
619 109
4654 1605
2313 25
3719 7
2410 289
1360 459
333 4543
5044 257
329 2
612 440
3719 417
340 1401
4468 1300
4879 257
4362 1
15 5121
6054 374
2655 14
403 4551
4677 1643
714 2351
6296 35
1432 1150
3155 3099
5654 11
3144 7
2835 4284
67 67
5526 5284
2436 594
421 787
3221 1
4921 2898
2197 124
1586 1660
3435 3099
391 1035
1567 214
5954 1300
1224 1185
152 152
6032 11
3534 846
2567 924
968 861
1701 11
3568 2
1632 1284
4645 584
2820 1643
1498 719
606 579
772 5384
2402 1
4931 5010
2920 2920
2282 2
452 502
4539 1779
4202 225
5777 5776
4049 861
606 2
2152 3377
2935 287
4648 2
5608 1006
4888 257
4997 2898
855 137
3346 37
2220 1594
1444 947
5310 6077
4927 257
1893 7
2160 7
6117 2
499 500
5870 1
2648 151
3649 137
4938 221
5295 225
2743 893
5470 5464
702 1922
2699 861
4991 1
824 645
2617 2559
3768 1006
2059 137
583 15
1297 1645
5413 93
2217 2
5145 717
635 579
3650 37
1560 5200
259 1725
3102 11
3599 225
1928 257
2241 2169
3006 225
64 214
6120 258
857 3723
82 1550
3164 505
2358 58
5281 35
359 645
2653 1319
4794 5185
111 1902
5963 7
4705 4024
1588 712
5517 137
477 1703
120 1891
2289 717
262 1066
1105 357
5895 2
4363 4310
155 1598
2854 602
601 850
5228 842
2623 2481
1705 456
2175 225
1955 431
1575 519
941 11
1878 956
4358 1347
3253 294
588 1334
5488 97
841 1457
3356 1714
680 1
4839 530
5519 137
4770 7
4616 2664
2461 9
40 1161
1852 35
2682 2530
3803 1225
215 4822
2100 137
2984 1
537 264
816 90
454 2586
155 3999
1437 9
156 394
15 2245
6190 3301
5688 225
4266 2674
1242 407
2258 1605
1193 4132
3833 456
5982 1599
5223 7
732 1347
3997 1758
6235 5161
5032 287
5876 5876
4752 4459
15 289
5997 5116
203 2034
1968 587
2554 140
98 27
1863 1236
4773 11
289 587
74 1535
595 596
5967 5874
111 116
203 637
3738 67
5262 2948
1891 996
3933 474
848 1180
5736 2898
1654 1433
2449 1
1228 622
5513 1126
919 1328
2091 11
2221 11
601 632
3505 1714
394 1701
1990 649
2401 1344
2754 11
3089 585
730 422
433 790
2263 5147
2193 2189
4145 5289
5487 2503
5326 9
109 318
941 449
1975 1828
1055 97
4696 4696
3569 505
193 75
221 422
6004 6037
3545 1714
378 253
864 318
324 1747
1021 835
4860 1344
5371 137
5099 5100
2114 956
606 950
2876 2866
4462 7
5791 257
1921 2
1808 2
4352 985
5261 474
3157 77
3656 289
1690 58
3564 27
1782 1
1582 77
883 1205
4636 594
224 4967
1095 390
2129 530
5215 7
4798 7
6239 6239
161 163
3679 3389
5313 600
3656 257
2152 4187
903 11
4461 1963
1427 366
1421 15
350 346
776 776
1421 11
3668 437
3390 25
12 1052
6174 294
783 54
67 58
975 1726
825 137
6198 11
776 402
508 11
3491 2841
4152 11
5619 4320
280 645
860 11
4719 530
3790 1844
1882 4487
2162 75
3558 257
2190 2191
444 9
2294 1
5200 194
5190 587
2270 727
89 2618
3419 289
2751 1422
3902 1535
5133 9
1045 1902
3686 4796
1095 1829
4567 137
4132 2510
2034 357
3036 15
2535 289
2656 2632
5462 2018
3036 9
4730 3901
5166 5167
2202 2203
4231 530
3477 7
4205 257
3694 1629
2790 3643
2370 879
1024 1009
4256 5934
444 225
1515 666
3874 1609
5647 5652
1860 1860
2440 137
3178 4758
219 421
84 84
1136 902
2594 406
390 170
84 86
1734 1
3518 289
3863 1599
1883 4290
2231 437
5615 474
6276 257
5506 1064
4685 3163
3106 9
1264 124
3532 3478
4706 4707
776 214
5635 1419
244 245
2825 11
5314 9
943 1637
788 357
808 137
2308 1150
4393 257
5138 116
98 1039
1494 1540
5009 686
1535 2189
197 459
368 2885
1048 276
1217 1216
2304 2684
4873 1599
1746 422
3018 896
907 918
1127 797
1545 7
1869 2
1505 1232
1841 1
337 965
1563 382
3209 257
2032 1659
608 459
2559 1161
895 157
4935 225
3048 1902
1123 1831
667 2
15 15
1284 3722
1748 131
4698 290
2978 3494
424 797
4486 7
2666 289
446 1187
428 15
3060 1146
428 11
6213 6204
2174 1097
924 1810
1705 1
5222 257
3189 3229
5659 2898
1021 545
6316 726
5905 5905
2429 257
2831 2464
1415 422
4398 287
209 203
4910 1100
324 15
1548 7
1345 4450
1464 17
3313 287
2334 1707
2098 7
1353 727
98 11
2324 927
1600 978
3327 3577
5796 257
3002 289
4243 2898
5694 5695
354 403
377 770
1535 74
2377 692
3160 1039
5416 5402
1360 31
312 456
2111 137
5956 9
5711 5711
1553 418
1067 1969
5041 437
3197 456
4063 225
5653 4290
1585 439
1982 1438
5208 5209
139 214
270 1
6026 5606
1475 137
5008 9
3905 456
2152 2141
3511 137
5703 225
3468 2851
2152 1664
1103 201
4930 467
4143 947
2979 1
706 604
1918 327
4633 90
3959 9
521 289
1507 3009
301 2
660 769
3233 289
2287 3740
406 2779
5322 927
5166 2898
4944 177
1508 1287
3423 505
3815 449
691 157
1075 2171
497 2027
3714 3714
3484 7
2174 450
919 1605
502 689
344 3604
2390 11
197 720
2007 137
1553 683
6249 538
1555 2533
3457 861
4697 556
4590 1537
2123 1660
1663 1634
1663 1632
5257 155
4861 257
3665 9
329 116
5432 257
1870 1187
6034 5994
3397 1654
4776 530
1025 1024
2291 1725
2535 1347
4848 2350
4211 2
1077 1039
4384 4384
4898 27
5350 936
5846 4360
269 1
3466 7
849 298
2197 456
1557 1533
2803 6161
3972 374
3664 3633
2635 431
2110 137
499 11
2289 289
4031 11
5497 137
2836 600
1757 356
1162 137
776 789
776 790
1629 31
937 937
1515 797
243 137
1613 2
498 1
705 225
2039 137
2418 140
6192 7
1834 2
2029 5020
3134 27
4346 27
3221 221
3303 1
1203 212
4047 7
4011 58
269 289
6241 6094
3599 1390
1597 1779
2058 1186
692 691
692 693
2029 367
357 1962
4356 530
155 82
1341 7
2051 137
1095 850
390 97
6125 1004
702 3578
5226 257
276 1048
1654 3236
5498 1902
1260 763
776 208
811 137
996 9
4575 542
1913 2584
4114 936
2300 2960
4087 9
5656 294
2146 936
922 11
687 388
11 117
3324 11
5391 1372
1380 431
1370 953
4488 249
219 55
174 4589
4247 3009
5348 11
3235 374
827 249
4219 1728
5375 137
772 208
2691 4522
4831 473
4836 9
968 1596
2540 2779
3302 225
2211 2
4810 1761
6294 257
736 558
5763 1698
1188 214
4731 93
1917 97
372 11
6072 3216
1560 194
425 425
40 422
1770 11
370 768
1176 70
4811 225
5504 171
5657 2862
3122 7
3603 1756
2968 157
604 2282
187 15
922 582
5892 289
4463 2898
2817 406
3842 3846
1438 1007
3065 2468
1357 15
1214 2346
4860 1643
4244 4245
155 11
85 86
1915 2013
3797 1319
1675 1175
501 7
2245 1058
6146 2898
5438 2
1505 5005
5214 927
5139 1182
2668 2851
1375 1605
2288 2408
5355 434
1913 7
5675 11
5339 861
200 201
2576 114
2488 14
3036 58
1360 17
15 151
1696 1599
2569 35
6100 257
3782 3062
602 7
5508 263
1429 1748
3614 3612
5477 140
4481 2623
1575 1367
3191 7
1890 90
559 560
3876 11
2193 2193
303 294
864 5096
225 225
2563 5554
1535 9
1535 15
185 29
1798 225
864 328
1613 1637
776 856
486 14
2058 7
4507 3687
3189 7
1246 1256
2825 996
455 339
640 11
1777 586
6158 90
374 5084
3872 107
2451 225
1102 1779
5754 257
1293 576
1197 1352
1774 1387
4292 4832
1244 400
4933 474
5301 17
3287 4907
2372 35
5560 90
4512 587
5780 1416
4391 587
781 357
3040 4962
2208 1779
1559 2080
1530 506
3147 90
617 113
3703 7
5531 225
425 2
4165 225
5217 9
2423 11
2671 48
3779 192
2865 11
3415 1726
5697 861
3086 1439
351 206
4748 440
3305 1284
5244 2464
2040 137
2174 2174
1675 1686
2790 374
1172 285
2693 23
6038 6025
1036 2550
2106 137
5753 2
5757 1599
2689 35
2695 1
116 1011
4527 2
1936 39
1575 1277
2512 6186
3167 287
5169 7
692 11
2519 5772
527 606
864 1395
2933 3540
3184 11
2541 459
7 1400
1107 137
776 2082
332 333
1980 2328
3221 225
1420 3560
515 514
1957 1738
3358 3567
6089 1728
4774 1722
2377 530
2803 1424
3802 27
211 327
4337 3461
4523 955
1980 2590
2863 1397
3825 3825
914 926
74 893
3227 257
2982 530
3778 257
1700 1687
197 877
2726 2
4894 257
5406 516
5363 5364
2512 1146
1602 11
4172 1344
2390 2
4025 1726
248 214
5105 289
2950 1748
5885 257
4763 528
3889 3890
1535 893
5576 225
5394 1300
3212 857
1588 11
3970 35
1008 48
479 2305
2963 163
2192 11
450 2781
748 62
6307 3282
4246 1945
1314 947
3278 7
1432 114
1748 196
1843 1006
4653 275
5511 5284
2757 2
2403 4030
3265 23
1665 1643
2588 4026
3674 587
438 2364
172 789
3168 530
3180 7
1675 1297
5616 2866
4709 2
2001 54
2950 953
5982 530
4869 257
2647 1358
2066 627
4901 1
1724 1645
2929 1
5930 3226
1878 661
3406 2614
327 137
4068 659
6250 257
3669 294
2271 329
1535 606
5867 2741
219 377
4378 7
5910 287
2484 257
5199 77
2197 2197
654 669
3395 2
1616 258
116 658
283 727
2108 3801
1108 11
606 530
1528 1219
2953 2953
873 114
4053 4282
1653 23
367 1118
1003 507
4124 11
3979 4915
3977 35
4052 15
4044 4045
4582 137
2694 2721
1798 15
2004 137
3667 2
2300 1352
5274 374
5445 5446
4120 2580
5593 2
4815 4814
2843 2843
5496 797
813 137
2231 7
1535 1728
15 131
2670 1600
5645 6221
608 2
1710 35
1031 137
262 327
3024 140
1103 213
1103 214
2633 832
1640 1641
3031 3031
660 751
155 1526
2624 128
4753 530
2680 1424
5533 257
5784 7
2154 225
1090 327
277 170
1212 177
43 15
1834 1587
6127 985
394 156
1277 182
2532 799
2713 1654
5644 289
1496 289
5079 11
1765 923
354 7
4145 2502
1198 1199
4766 7
732 3956
995 86
3822 19
699 2510
4435 257
4388 257
509 11
5124 3522
4821 666
314 86
5345 1401
109 1463
3103 1
3627 1241
5581 7
2336 1
5435 580
17 5184
477 927
438 90
2882 2803
1639 58
4168 1401
6255 36
1005 140
2501 374
2934 225
3040 3041
197 936
219 666
1675 3862
4672 35
3002 3345
3451 456
1271 2224
5163 104
4584 9
1500 1499
3684 126
1872 33
246 2
1803 927
1449 600
5996 5978
740 7
2259 1725
776 777
776 775
616 1387
142 143
142 144
2851 1844
2375 2
2406 257
5427 1401
2494 257
601 587
5465 431
4982 11
2974 3017
4618 14
16 17
4625 2
5818 7
1473 327
5057 2018
5420 3821
25 27
480 877
2688 11
864 456
1154 137
6271 257
367 367
2526 947
3389 3678
1369 14
6132 4048
2180 5062
711 5182
824 1494
2690 7
5473 374
2446 225
5522 645
472 1849
4788 2898
5861 3377
2493 343
2169 2503
1268 4176
4823 530
1340 1701
6105 1599
15 2174
3766 4021
691 862
4928 2442
127 127
403 2934
492 35
3203 1
84 994
5013 9
421 327
6209 1599
2426 1
2708 77
4549 27
2963 423
3625 3384
114 76
3169 225
6067 6220
6325 114
2287 1
5865 287
2265 1344
2308 294
4468 1
3676 2833
4469 4864
3949 11
1952 64
1135 1985
406 374
4287 297
324 2
1531 1531
4563 137
2956 966
1579 581
2440 62
391 1039
3243 257
15 324
329 2898
3091 1006
2174 15
1068 594
3378 11
1135 630
3514 3554
6200 6232
5050 905
438 382
3459 992
3502 257
5913 97
1274 437
3133 7
772 3661
1588 1844
1728 3793
2722 2724
2405 417
3218 3217
975 927
1202 2482
5128 861
1663 1297
526 5739
439 1777
390 437
2329 1726
1844 453
5722 137
4295 6094
4001 11
6252 11
740 273
6315 4832
6048 6048
612 1822
2490 4273
2067 357
68 1810
3798 3801
3917 225
1301 5288
2515 1753
2026 3647
2693 3154
4112 927
1759 473
4582 820
4209 7
4754 11
515 241
1063 2898
2418 919
672 185
233 137
4311 14
2595 85
14 278
2755 11
5374 137
2500 2985
109 528
1234 1231
5900 2727
6206 6206
4800 7
3793 1728
4797 225
4145 5356
4526 137
323 82
15 349
2061 214
2894 35
2668 2623
705 1891
5105 456
548 456
281 177
3766 4622
2571 1102
3015 2070
1448 1179
1531 456
2078 753
69 1372
2304 3353
1466 137
6311 6310
2589 2588
1397 430
5706 1004
1074 11
203 121
5753 459
2803 374
583 1947
5985 1181
4112 58
5003 287
344 66
232 233
1269 885
2031 201
155 168
484 167
1746 2091
390 1822
2892 1542
5220 1769
2440 126
2433 1123
5209 5208
1122 717
3635 97
1395 456
1366 1387
3044 1
4196 1225
1429 1383
2922 620
3473 3110
4194 11
5902 225
1402 1006
5668 366
3964 257
3015 1641
1258 67
155 3106
4704 4703
5339 4682
5650 11
2198 114
2500 11
1865 1533
5527 4708
5637 5638
502 460
4195 1303
2665 14
4506 298
5721 137
4837 456
1523 128
740 17
4803 4804
3619 3620
1582 2934
394 391
4379 289
2377 979
3416 1
5566 225
4129 1687
2091 459
4677 1301
3785 1241
965 2
2201 114
1762 80
4241 893
1666 1626
4824 1323
4149 5144
15 606
255 336
5002 11
922 2174
1436 1748
4295 4515
2676 1187
111 5589
6101 538
415 367
5251 466
286 456
3430 3430
5856 1
4775 924
1745 225
2052 11
3333 1726
3689 3690
5572 77
289 39
4196 1599
1110 327
3036 257
1445 58
1809 7
71 15
6008 2
3279 7
219 1491
4000 2
1073 7
1358 11
2368 3858
2115 137
991 2
3506 15
3506 11
4530 17
394 889
914 2172
5769 225
1413 560
210 666
5114 17
4038 4038
4903 4903
230 586
5855 1
5669 7
5599 2741
155 1364
1297 1299
1354 382
237 242
4632 4626
971 961
4295 58
262 408
286 257
1003 326
4140 11
1345 1664
5844 4290
6320 137
155 2642
284 892
3879 3041
4158 7
2417 530
3681 2691
2282 1645
1029 137
231 140
4201 17
4185 1747
1496 11
3475 1707
1223 377
5553 225
5815 456
3487 2018
78 78
440 612
67 530
358 639
1891 726
102 428
1565 225
2359 663
5699 4622
1632 2361
2585 140
440 1233
776 5352
172 137
1696 2298
2913 1875
6217 4929
1802 23
5389 93
2374 1284
2662 11
976 2
3036 5333
588 675
453 1
2009 2010
1798 1748
5706 3317
703 14
3757 4688
2368 4354
4517 7
703 11
907 2
1077 264
1585 585
6088 1320
3054 1512
453 2
3056 225
501 1006
5320 5318
2838 406
1021 141
1035 545
5822 257
5263 5263
699 151
3645 124
3826 3826
1632 4886
219 408
1277 2533
2116 137
5502 243
3636 3637
3233 257
5336 225
5506 1132
155 956
155 955
1575 726
6096 2
2373 257
1947 1948
4545 1405
1349 579
5896 4328
1724 257
5424 1401
6262 11
4714 963
2248 289
155 1902
2617 2617
6052 1746
6135 1062
2200 77
2818 97
5880 1
5236 1728
181 1041
6023 2306
6228 4182
3725 3726
5202 257
755 54
1373 1374
2242 1587
3177 7
3064 98
5072 5062
1342 907
2749 382
3513 7
2154 1433
4289 1126
3281 604
3791 3791
2676 3792
3025 11
1801 27
842 872
4602 542
3875 257
3826 11
5609 97
3570 2901
5286 868
3000 11
2166 2150
4082 2355
174 225
3812 11
4249 221
2609 44
1324 1328
5906 257
6079 225
2052 176
901 151
3253 2401
2026 137
1704 1386
502 452
416 175
3785 1648
1535 474
5499 116
327 121
6297 1885
4059 11
776 1132
691 927
3927 336
3246 7
2616 2616
360 1739
90 6064
1891 1256
3051 2956
2413 1729
141 1021
2510 3229
1944 257
5108 5109
4850 4756
5579 7
897 898
2872 11
3015 2
3145 17
5360 137
4401 257
145 4339
1221 1284
4260 17
4687 374
4883 4883
1372 1319
2238 1691
172 33
6317 4885
1396 437
3038 896
5172 5719
3420 75
4319 104
788 1494
685 327
2366 1643
4974 140
6288 257
4095 225
3414 505
2240 2
1279 77
2289 1401
4155 225
1829 9
5840 114
5808 11
748 70
443 3
2404 2298
5649 294
5814 287
699 225
5888 2741
602 11
2979 985
4108 600
407 137
3759 382
1118 214
4902 927
4450 4557
5552 6018
4298 1599
3481 225
409 377
5191 1
1246 579
3472 1629
212 666
6289 257
1582 382
3234 3216
1322 2281
6142 726
230 606
1784 634
408 137
3807 11
1992 756
5811 11
5407 5429
2718 48
4494 11
1683 1732
192 3417
1127 327
3541 1714
409 64
391 144
2834 7
736 422
1681 287
5861 1
1167 351
1304 128
2085 55
2228 11
4312 4302
3951 382
658 116
3706 140
5558 577
3747 950
5532 131
5968 213
5952 5951
3749 104
109 1150
5955 726
4678 140
262 2060
5981 258
99 1028
905 897
440 953
1982 605
5993 114
3933 3008
1956 201
1819 1404
406 92
406 93
3676 717
3146 7
2182 90
1709 587
1931 1662
514 515
90 555
5017 1494
3745 2954
4916 3193
289 600
47 184
6082 2
5493 590
4167 2
3553 93
2690 2174
4449 4449
662 663
3002 4639
6091 2706
2890 1482
80 141
5798 11
4561 456
277 156
697 225
2875 11
1982 1300
2192 2
3123 3123
2184 2944
4405 257
767 776
3272 456
2428 947
903 289
3907 1964
231 35
3960 3942
1510 1510
2240 549
1807 348
4896 505
914 992
1960 7
3822 44
775 392
2261 11
5882 4101
3828 25
1834 11
2477 114
2453 2265
1811 277
4315 4020
4852 3371
776 664
4461 2960
609 947
924 1185
5330 9
2998 2
1748 3120
3935 1599
4653 15
1746 459
5339 5339
440 1254
3474 7
3247 7
5383 2798
2611 35
3660 137
4249 225
569 157
1834 77
1384 15
1067 35
1444 1352
89 1420
1095 173
1754 2
5827 1456
1972 587
1134 75
5015 225
340 1661
1891 4999
390 2425
2058 390
390 27
1003 1426
3566 137
1003 1428
6154 137
2400 1388
1395 11
6137 6139
125 1261
26 27
494 593
655 137
3036 1378
1254 77
2778 2779
391 889
3136 257
2365 163
3128 2
3980 3980
5186 3174
5361 55
3085 7
6047 1386
6194 2
1645 1200
4253 311
123 545
2338 927
4996 225
3253 2
5633 439
5586 1068
1634 3832
2942 343
2735 3095
4670 2898
2973 3784
15 118
5660 1821
1757 328
2366 717
2058 2018
135 947
4199 257
4442 1284
6131 6131
2799 225
2220 2473
713 5104
2732 257
3112 7
1735 1693
4449 1633
1187 2
499 257
4088 7
4228 2778
289 2159
2296 1077
2791 225
921 1
3151 2090
2628 2862
1732 1599
2395 732
4920 4920
5142 289
3323 291
2917 58
285 360
2213 1599
3123 4107
103 104
4800 77
570 9
6055 717
1245 1850
285 2602
3583 5088
5287 15
1986 327
5441 257
2441 1
5037 7
13 7
155 2681
2126 859
5550 2
4445 15
341 15
3503 580
60 1599
296 300
5485 5485
3189 5141
1235 2235
2883 1739
1222 919
864 4854
2731 4283
2741 5850
1396 700
6273 11
109 6178
1746 2
4700 594
3389 3388
5342 11
4459 4752
1901 3498
4948 474
2257 1344
785 402
3062 3782
3740 257
6268 257
4367 4368
3595 1587
3265 3265
1913 1293
31 67
3061 4390
3869 1708
1514 3610
969 552
5891 1
364 7
3042 456
5049 1636
1307 2536
2574 1720
492 104
1330 4174
1977 96
3 1338
2368 4609
5937 11
1906 20
1088 1920
1032 951
277 7
5753 891
5584 1
5293 582
2077 214
5912 225
2078 1105
440 545
3065 4886
561 58
4163 322
2804 257
776 753
211 801
4675 470
1632 3862
2787 1335
5883 289
1127 137
159 1551
5614 7
1923 914
226 11
2608 431
4857 182
2220 1372
5072 5992
902 889
852 753
69 69
5839 1
4551 7
2289 1
5302 257
4100 4100
2946 3984
973 1643
1267 1308
2055 137
1982 2380
1311 1726
1248 377
3983 3978
2733 3538
5492 35
241 586
155 2960
1777 2544
2307 530
5714 1645
2377 2377
5526 586
2058 225
2687 2623
2603 2603
19 230
5987 431
2265 1
2342 947
109 3575
2933 4397
2951 2
2815 11
390 2018
3129 7
124 3685
5790 7
3316 15
2854 7
5160 11
4003 947
646 1703
462 4
5562 15
5841 1
2287 587
1886 116
5545 1844
393 273
1254 366
391 82
3289 1
678 2267
837 27
2143 456
3383 1664
2294 287
203 5484
1632 1297
831 336
1552 14
3366 58
4414 221
5696 225
665 157
6287 2
284 2
5480 9
4086 437
260 1658
1504 19
1381 1219
536 2498
2776 717
4740 928
5077 726
641 642
5308 2
798 4
1260 327
690 327
2958 2
3186 104
2213 530
3207 328
5207 258
351 753
4299 2
3528 1714
5890 1
1001 1002
6177 6176
3353 1599
1098 3713
5436 1401
3525 2
1850 5872
5098 5096
3402 16
2214 3926
4307 11
3449 2
867 2
4531 137
1999 327
4177 4177
189 140
1654 3354
3450 7
4952 1850
606 3127
2604 5319
4683 5022
285 285
2158 75
2946 27
1996 137
4738 4971
814 249
1956 1985
1555 3888
5423 4570
5266 3753
2122 3735
64 1250
791 791
136 579
2816 546
1155 5500
2455 2736
295 457
4660 1323
3398 1850
4734 4844
3201 225
1117 58
5964 121
1107 327
692 1368
4443 4441
64 1183
169 351
1913 2292
684 1476
2469 2469
3934 3941
2871 1439
161 1298
3906 1723
3412 1632
2733 11
1646 1647
4482 2948
601 104
4717 4718
4281 987
1497 927
74 2644
4122 2
391 1822
5716 5074
4011 947
5340 2862
885 87
6062 7
6279 3609
2807 128
608 425
1428 275
5000 2898
1108 2898
1127 770
2417 927
3686 2898
2094 70
4115 1052
1913 77
277 2091
2256 3306
1690 1146
3508 1714
6182 225
2959 128
3657 137
858 137
491 1
440 1383
3049 2
294 295
1400 1006
3036 3899
1720 835
1254 437
772 404
4920 97
159 54
6213 5216
776 282
1703 927
918 6158
3599 7
2391 590
15 318
5779 1
197 1661
2861 2862
94 985
5426 1401
2727 1
601 528
67 1146
5329 137
4553 2210
2289 11
1090 357
516 593
114 2283
3175 1006
1563 86
3460 1925
6180 1599
2757 11
3475 3476
3921 3920
1399 7
875 1779
286 294
1010 1024
1102 927
433 1554
4034 7
4741 93
6321 25
915 1587
394 390
849 74
5285 1645
5458 1401
6252 6252
776 3629
1882 2527
1296 3
2366 294
83 2
3871 2
4192 257
2049 585
1524 35
114 1309
2919 3015
3376 469
692 1618
1082 214
1629 3218
4843 257
1484 1186
3419 11
561 2018
390 151
14 3232
501 364
1254 602
2374 600
1755 17
1575 422
4484 4484
3675 7
2903 672
1220 936
918 1489
433 402
2086 186
4112 1599
2338 157
15 904
4180 9
234 459
1785 35
772 782
4106 579
3200 1
4309 1654
15 2091
3467 2747
3967 11
4235 1599
5863 257
3460 4040
1513 1513
540 541
352 666
2983 985
2979 6108
2167 7
308 309
329 7
2633 6061
2581 289
390 366
1670 927
3241 1
5606 2766
1361 104
1687 6284
764 8
2895 298
2767 2767
764 7
2992 1
440 1580
2685 1768
5075 90
5610 5605
204 54
2492 2663
3223 3161
4820 538
2991 538
5966 1567
4222 1032
3186 1822
3290 1
84 225
2222 1595
577 2
367 788
367 789
67 31
1845 5187
4413 4406
2691 58
4829 5141
3775 114
6069 7
4882 289
3848 3720
601 4375
4404 4098
1924 483
15 104
5310 1506
2214 11
4653 459
1553 404
2361 1632
3157 366
340 542
3876 2724
1292 744
1787 327
3550 114
1655 2
3003 2
640 966
1511 3231
1869 1870
2770 1
607 118
4529 456
90 2425
4069 2898
2087 55
3108 2954
2629 15
15 1507
2161 2023
4145 1964
3514 4191
713 1968
3945 662
3223 11
2961 289
393 861
4271 153
3197 3197
1477 947
390 519
3549 17
152 3009
1936 109
1098 1425
1746 3754
2078 2029
4418 7
3106 799
1404 1605
1095 17
1363 11
5903 287
5555 11
3286 1
2391 1798
6202 6237
3004 11
776 327
4889 7
766 406
1746 11
161 82
3732 3091
4664 374
32 1876
339 289
2114 151
3923 3896
1034 137
1778 4329
197 2370
429 1372
3841 275
212 367
657 214
1113 11
3947 35
5516 137
609 161
4967 224
849 893
3845 114
2758 6236
1791 1792
1166 55
3818 3461
2226 1910
3955 3955
6115 257
2688 2
790 1494
2371 512
3662 3663
2389 4909
3711 7
3809 87
5707 1419
2997 1
2393 1030
1825 547
1142 2
6007 11
462 4005
5690 456
1880 293
7 3196
1091 214
2454 1039
421 407
421 410
2084 2083
4721 1225
5911 1850
601 956
5390 1401
391 799
4830 7
61 2860
1226 137
4828 2298
6078 2473
1867 225
5529 726
5477 2326
4903 1694
2226 2159
6136 7
5437 1401
5012 332
864 31
2660 458
209 758
2366 287
708 1135
2099 1494
2198 2
2049 588
3595 1442
4150 1247
3626 1554
957 257
2176 263
4629 114
2109 327
2638 2636
1911 1855
4006 2
3493 7
4905 1599
4458 257
3012 374
1108 6245
2571 995
4196 1146
5449 1401
6263 17
3156 7
3013 550
6071 639
5088 3583
5263 6074
1484 1367
3067 257
125 1254
5506 664
522 11
5645 439
235 106
2409 505
4862 4862
4053 58
5210 2717
667 668
440 3282
2137 951
1103 407
3624 7
433 3724
6027 4956
2804 289
4424 2
406 1461
609 2
2091 5115
875 27
3582 2
1867 1256
1663 1675
160 669
3198 257
1670 947
2290 456
4431 4855
6083 257
2058 2058
776 6150
1332 2
903 3722
114 1684
2468 2
3735 11
5218 5219
1984 2316
3357 2924
601 3720
326 109
185 2586
6087 11
5868 1
3390 992
5448 861
1414 265
193 797
4313 4101
2573 2
2929 1284
377 377
5787 287
5557 3336
40 5187
4877 7
3385 107
1060 70
285 375
2623 2658
1372 1201
4477 147
864 600
3220 9
3055 3274
2253 587
5054 5980
1167 1983
5047 137
3023 2
894 452
1154 327
2022 1300
511 11
4141 1814
90 562
2398 330
2 577
1654 3397
1654 2154
2384 1747
4951 1800
2311 877
959 944
1931 1931
986 11
2212 11
2220 1187
4942 137
3007 3331
1932 947
973 713
4121 11
2582 2583
713 84
1982 1851
1302 11
4761 936
1095 7
2058 144
4466 3230
4934 224
3767 5668
438 319
914 4906
3491 1003
2981 9
2981 15
3533 3006
3989 1
857 4210
77 78
425 2174
5341 2227
6129 23
743 17
1583 388
2280 555
1632 636
1897 11
4497 1599
748 5325
776 834
1202 109
728 728
1854 1846
222 223
1785 3088
6055 456
6039 6046
1069 678
4995 2948
5060 5061
2588 4123
4693 185
3976 140
1410 265
2064 214
157 609
5496 62
5173 11
776 433
979 3670
2952 2851
4222 225
1600 947
960 947
919 128
5627 17
3808 877
4425 4789
1977 555
6085 1380
2433 584
4591 1714
2154 11
1617 11
4677 3580
111 1766
5227 1054
2476 9
192 675
1682 1882
4572 1844
14 842
1421 77
5765 1298
1088 1401
4986 137
4864 1645
4618 4968
2478 257
1531 86
2858 1
244 1071
1799 1701
278 2
2547 1720
2772 1301
2177 1844
3354 1654
4065 4208
4255 9
2209 1744
4732 9
2017 225
2088 5712
360 984
2417 157
5396 70
2839 366
3803 3753
2967 505
2764 7
2200 257
4380 3497
5705 287
433 1571
3269 3480
2053 624
4407 2898
4828 2345
4580 45
5869 1
4684 3019
1740 58
5057 579
870 870
347 66
2418 374
531 2
944 15
429 140
1671 1000
1685 593
1835 382
5476 1300
175 263
5040 4323
1141 327
167 225
789 263
355 407
4681 992
3273 579
1481 327
2424 15
1095 1186
1678 973
2226 257
1623 1611
3994 289
3320 1658
1778 1779
4564 137
6275 257
395 64
588 17
59 1146
1868 35
1628 862
4135 4136
313 66
4890 1284
5887 1657
57 1007
74 849
1982 1015
1746 2950
4808 11
662 917
2342 530
2826 406
5469 92
3869 456
3738 1312
4388 25
5842 1
4134 5819
5536 7
5674 1605
2364 944
15 4965
2279 5366
3125 603
294 600
6252 6094
406 140
5439 1401
5762 1898
3600 842
520 31
440 5076
2300 717
5373 5377
3959 519
144 1247
2220 1521
99 3192
5556 945
390 1526
3473 4712
1379 992
1982 375
5249 6318
3036 11
3841 324
1297 1634
1297 1632
4977 257
1695 1728
582 922
767 748
633 7
2612 7
1408 3722
2737 2
966 988
1913 2457
1741 1742
2979 2979
5317 289
705 2
4554 17
1382 1236
6170 11
2648 7
4655 923
5155 11
4173 456
5526 3165
4240 11
1189 214
2941 1675
68 3063
2978 1150
986 2
5072 1739
4617 1723
52 48
5462 717
1626 862
1094 214
1674 155
2391 82
5898 257
1157 666
1882 994
4973 177
3099 603
1573 4711
4408 842
4983 3884
114 3865
772 2033
3107 7
1505 1189
3894 3895
6242 6242
3208 287
3487 97
508 508
2855 2855
73 2
95 2251
2376 1284
2020 137
4919 287
4518 137
588 1016
3197 15
4581 4146
188 627
687 137
4604 9
6277 257
3181 7
6030 6029
3213 9
50 6
1991 137
2708 17
739 327
5953 289
385 264
2130 97
3252 7
875 151
1033 856
155 161
401 351
78 2
954 947
3764 393
4254 992
801 686
155 361
6126 11
3153 691
3245 287
361 1052
2467 2468
2127 4101
1732 947
1078 9
1267 1181
3786 225
6035 374
209 327
660 137
2553 1368
2776 109
315 928
390 1241
2417 877
1534 1789
2940 289
1924 257
705 1352
4091 1637
3607 25
1606 1224
4947 225
3270 225
2056 137
3275 327
5526 5238
3464 1
2686 65
3843 15
3153 67
2098 137
4571 257
2456 4277
1027 939
208 753
5318 1401
1154 33
1867 7
508 289
5941 7
1780 1781
250 137
3485 116
2799 7
3790 1483
5717 558
3033 257
586 230
2033 664
3862 1632
3338 417
6080 225
1360 109
1212 1182
472 289
1614 1210
3271 77
2577 2227
2578 2526
1632 2174
5687 225
924 1
197 58
6067 1319
3919 294
2000 137
6247 6247
2147 449
1278 15
2229 225
5183 5174
337 28
2209 289
6248 257
2567 1297
2114 799
1283 973
426 197
1879 29
3465 7
3613 289
3015 2956
5755 7
3215 1
1897 2
4516 11
3188 4444
3258 5587
5053 1225
2976 587
92 92
3221 7
1664 289
2024 214
391 397
424 188
2057 137
4419 257
2947 1316
5740 1599
106 107
1463 328
3572 214
4810 2272
1276 678
3736 3737
5642 5200
3851 257
380 2018
1491 137
1790 3053
2014 137
5455 2443
5083 5083
2734 2530
1972 2
1338 3
109 37
2782 577
203 630
2087 137
1432 3805
2728 165
3903 1701
3062 2579
5801 109
3526 289
6246 5161
1491 1170
1167 1191
1021 3888
3628 7
4585 1779
1095 889
1021 872
1670 2227
914 1687
1277 82
6312 6310
3036 4070
3236 1654
5764 257
4164 985
3593 3594
5137 4646
1817 118
5158 5158
1746 574
5975 137
4234 390
3328 11
972 5
4130 9
4199 97
4023 977
644 27
1826 225
2091 1660
4492 4492
4242 7
2366 257
5537 1810
3668 2834
4485 298
4773 393
1649 1401
1254 9
1289 742
3076 3884
687 208
6059 2632
6185 6183
1866 25
5145 456
1194 656
2091 329
3162 1964
1391 2
613 545
5831 225
5922 5923
5875 1
4631 90
4439 6043
3855 11
2430 2430
2856 1748
6097 2622
4513 717
864 5481
1105 177
6223 2898
440 82
3631 1718
2306 3040
4840 11
3708 7
391 1797
4179 1587
3264 2893
3540 4397
252 177
1277 607
5176 1284
3359 11
773 90
277 422
578 1
2607 2537
255 11
90 941
5625 257
3774 473
4619 11
1910 542
1088 542
1372 4005
5157 5816
5949 5948
767 787
3521 1766
2332 2332
2907 17
5399 11
6181 11
2190 3757
3971 35
3730 947
5936 225
1917 417
5843 225
345 4162
3754 4842
1930 947
184 1419
2549 2548
3733 1641
3250 1
5514 645
5520 201
3094 35
4082 717
3704 7
3590 17
3751 257
197 15
3036 1599
1070 366
4544 137
3638 151
5482 2503
230 914
2649 11
4404 2222
5783 2898
1977 542
6213 4397
2937 726
2149 263
109 604
3891 1
1604 1605
5792 11
5248 51
1089 137
772 1167
6119 11
5624 7
2747 2870
68 1286
1914 128
3462 11
3659 137
6207 1599
1785 1785
144 366
4523 579
6153 327
1535 3902
6240 2018
5613 7
3467 456
1126 2
1343 947
391 11
979 2571
379 2
418 1167
289 604
5395 2246
3686 422
5126 1
1121 345
5970 214
3382 1598
4287 44
3137 4397
1683 1599
475 476
1973 3722
3352 1723
433 806
4512 2282
2128 1494
1644 1493
4190 587
2168 942
419 6148
4920 5686
433 435
1097 7
2300 1963
828 1891
253 56
1138 794
459 1395
3104 947
995 2
552 969
1273 1444
4269 86
5103 425
2564 11
602 1748
6111 11
5224 5224
2414 1725
1878 3310
4913 157
3233 287
5466 0
145 573
5106 275
2183 2898
3087 257
465 1800
1119 2
209 212
1771 1364
778 835
1295 2
549 550
1175 1675
4935 9
5462 1401
584 874
3551 789
1211 128
236 113
6113 11
5552 6024
3464 3464
327 62
2366 2290
5461 1401
4536 4537
5751 1300
1772 2018
3256 289
390 1533
5862 1185
2427 600
5643 6090
155 998
1913 44
277 519
769 1128
277 1186
1750 1327
3870 124
3862 1675
764 1161
2044 664
4279 4274
2 950
2163 1
2091 699
3444 7
2838 11
3816 889
919 503
2231 227
2302 1368
3344 431
1462 623
6004 2306
798 1
1512 225
5676 456
3777 257
1227 11
1573 3758
1687 484
1433 2154
4080 4080
4216 4217
4663 445
5849 1422
508 2833
3124 1
4600 289
4050 3059
2789 58
2368 2640
3531 289
418 62
662 947
1360 474
3699 289
3081 2
4214 1728
1090 645
458 2660
812 357
524 694
3834 1746
1966 35
2370 717
1372 4218
2445 225
5203 4290
18 17
109 104
1764 2926
492 1753
3685 123
4022 114
2992 456
5813 93
3218 1629
1135 377
1913 1808
4715 1147
1360 58
1632 3832
919 452
2598 15
4374 474
3079 3079
2807 1319
855 5965
6291 257
4474 1726
401 753
875 956
5191 456
4187 437
2989 985
6129 6188
391 97
6019 3855
3896 35
1112 392
1877 402
367 3880
5713 779
4203 9
1147 1829
2381 600
320 2
5419 351
2935 289
340 257
221 240
391 1902
1723 3015
1736 1401
2971 538
2963 11
911 912
2219 966
2644 893
526 109
2650 1645
3559 2792
827 645
15 989
323 1052
641 17
1090 177
27 264
5761 257
1316 1439
3490 861
133 133
85 84
4787 287
2105 137
1913 2599
2895 2442
4911 4911
2761 2762
1372 4
4437 289
3934 3913
5942 5921
1021 1
3872 104
1038 1037
5147 3754
845 666
4508 2667
4597 225
3688 1
4611 27
997 167
2983 264
4036 456
914 3456
3439 37
1297 1663
6049 289
3360 1
5830 140
2378 1150
2621 35
994 2
2114 1052
4225 2
4605 97
1955 1
1669 947
5760 35
90 1603
5523 5074
1453 161
5328 393
5548 1964
2748 597
5126 11
5177 1
802 137
2725 63
1892 406
5595 17
962 58
5551 7
2270 41
3239 1150
1246 1
3752 3336
1397 910
6045 6044
2071 137
5148 294
3729 2089
324 11
492 1605
2241 1822
390 456
3496 199
2515 381
2260 1732
615 577
2037 137
389 90
513 104
4164 25
108 530
6109 492
4835 530
741 35
5298 9
5156 1660
167 484
496 11
5135 3836
5342 90
2434 2562
1246 889
5198 257
2359 861
5857 257
3864 2
608 2312
571 5075
1277 4576
873 2
3363 977
5915 5915
3641 2018
5588 1372
6130 6130
1095 1147
2971 116
6016 11
1165 327
19 1290
1935 530
609 58
2646 2495
47 1847
5231 289
2535 294
326 11
14 221
4008 287
326 15
3903 4639
5612 2885
1820 1533
5029 137
5074 2425
5731 5731
1746 225
4890 4890
5719 140
329 6225
5655 5655
1600 979
3841 726
2535 600
6116 6106
3736 2910
3433 1300
59 59
2525 2683
5526 2851
116 2179
438 2
2174 1634
2511 90
2524 374
6173 5580
289 1862
2325 77
3220 992
1430 927
3715 787
1228 11
1208 54
1982 3088
3565 289
5276 5216
899 114
1213 1006
3244 4007
1529 6
5310 6042
1886 985
394 417
285 2
5693 6204
2270 1377
69 867
2208 25
573 11
1793 4603
2661 2495
3623 289
134 4
111 2091
5747 456
76 114
981 982
1799 456
2052 116
262 1514
2950 109
4819 11
1482 1
6028 584
1156 2399
4487 4849
1108 394
1253 1514
5938 1660
1384 11
550 549
2066 214
5619 2952
1894 953
161 162
5495 2558
5503 263
2670 530
2174 2557
2808 128
5530 2586
1372 1605
350 351
772 327
4765 225
2572 140
3421 7
2 955
2154 2
3448 4347
2209 2217
4332 97
919 919
308 1174
1936 1450
839 726
5943 287
2654 2654
209 407
5974 137
890 889
4039 693
748 33
1523 1219
1976 459
165 3687
454 7
6149 1476
1696 1146
3479 3015
6023 439
1732 927
3598 2
2929 580
3893 1629
2634 109
4610 2018
2944 14
1074 968
1087 1087
3912 273
4328 1122
1682 474
1423 11
465 289
1897 273
3036 7
2016 137
3832 1632
5600 1850
4742 374
5081 1300
766 92
3058 5062
4777 225
5080 114
3340 109
2391 225
135 1833
748 407
4262 4262
1173 664
2536 2189
4286 4286
864 1284
2416 1720
306 137
5129 1284
390 173
231 1456
483 11
433 346
2157 214
2417 1368
4447 1599
2086 1702
277 382
1636 1627
1901 803
974 15
3118 1
6134 6133
15 1225
3795 456
2978 1810
2837 257
4743 4744
705 726
5933 289
3827 11
1006 568
211 1985
2024 5491
3304 11
115 2
2270 888
2235 3266
5271 9
776 154
1594 5741
4689 2610
2370 37
3289 86
1447 7
2281 1348
2675 1372
3839 2194
5056 7
2902 1200
4793 1068
5611 4666
776 5505
234 579
3562 417
4350 5255
5582 7
276 276
4237 7
1168 137
3018 257
1543 2
2728 2470
3373 11
398 399
3701 3701
4092 7
14 227
2272 2995
2114 361
6184 1102
106 113
4521 137
4322 2
4220 225
108 15
682 327
1356 11
4775 2171
772 367
565 747
3710 225
3097 2442
3262 11
6254 257
1127 62
1024 17
1384 2
1748 1748
3962 2428
1608 128
1597 1599
776 1112
5601 114
2365 2
5636 1389
6269 964
948 1317
2086 1386
3026 3050
2452 114
394 2
3961 1386
3330 3325
1073 4755
454 294
440 1050
54 137
3428 1726
1471 1467
1355 870
5879 1
4595 14
1455 377
217 83
2545 7
3953 5
1850 27
1228 221
5162 1728
221 661
247 6208
429 374
3928 3929
219 137
4863 257
1479 1467
696 689
533 27
192 1072
6084 258
3034 1344
1669 876
4657 1643
3446 14
3013 2
1370 17
6219 1850
17 336
561 1599
802 62
3647 753
1634 1297
704 361
2287 1501
4303 717
1326 58
3765 9
3830 11
538 3015
3385 1072
3804 257
340 97
3166 225
1297 2567
5004 5004
298 909
2463 5977
1271 114
321 137
2847 2686
4004 1635
3280 1964
1095 3590
1788 456
1936 289
6155 137
5239 4945
2490 7
389 555
3294 36
6000 6001
1709 15
3595 118
6313 6310
4838 2
5793 5793
1238 327
4540 374
5110 459
375 1627
1669 1599
1372 5
601 577
4626 7
2417 1599
172 327
4374 1728
4374 1729
2419 553
4449 3467
3781 2339
557 90
4078 58
1488 407
1022 137
4128 257
340 579
4778 2065
3036 17
15 1973
6082 257
5370 137
2186 58
953 4528
5072 90
2760 11
688 137
2774 2
2657 35
2879 157
1217 1218
1312 1855
2535 1150
3096 7
711 1401
2405 422
631 631
760 2
286 287
286 286
219 62
514 1
6299 11
269 287
4417 956
3806 538
3386 3386
2114 9
3499 199
2368 1235
6287 287
2109 137
6166 6306
4748 7
155 977
4695 862
4269 922
1071 244
1248 177
2794 1284
5039 257
1882 1682
1716 104
5748 257
878 473
2036 214
776 205
4410 225
2113 137
3819 1728
914 318
1921 11
1497 1368
17 1748
3427 456
864 39
6290 4832
6139 6137
1101 666
3761 225
705 998
3253 289
773 339
1385 2715
1431 872
2827 114
1755 107
4737 11
1434 1319
2432 2565
3507 431
5990 35
5450 1401
1397 1372
552 459
6112 11
1913 361
1360 289
2703 2702
433 794
4989 1284
4265 1054
5073 1717
3066 4760
1195 1871
2289 587
1630 5451
15 4290
3409 257
2407 90
516 2327
2190 366
3469 4301
1924 37
3454 11
1706 5097
2404 1600
1994 214
2955 11
1975 390
5285 11
2041 2042
3111 1
3413 2898
2289 1463
1827 717
5002 225
5019 421
1023 503
2773 374
2944 1
2728 4397
6323 6324
3628 4258
5794 5794
2504 2844
3349 1
288 717
3596 3597
3178 11
2535 473
120 104
4701 914
370 367
5604 97
3544 4548
4288 3028
2174 922
5188 587
1360 15
1360 11
857 4110
1696 1598
6123 1439
5717 2207
1955 530
1703 646
440 5131
2950 11
61 924
1083 627
1105 4327
3952 374
3005 7
3672 2494
2822 2530
383 3754
5585 225
3173 1
297 2
155 1954
2006 1
1318 36
2542 58
5079 717
2076 1163
1091 627
1454 4622
864 587
2174 606
1425 597
715 7
6009 2795
3469 3470
2208 264
2850 109
4994 257
1503 114
1277 5257
45 1786
2213 1605
1357 1
3727 82
2489 257
3355 289
4722 4720
5621 7
3932 374
409 410
409 409
114 1288
4826 287
409 407
4079 3015
5017 206
1597 1720
3385 936
6292 17
5853 257
14 1
4449 2925
4388 3269
5170 5171
1743 11
6326 257
5181 9
2895 2743
4798 15
2356 23
919 1372
338 75
1406 1407
2114 366
5253 5253
334 2
155 4461
4748 382
919 460
4839 4839
360 285
4157 1830
1339 191
3385 2614
390 3888
2841 4622
3150 5245
3148 1300
1365 597
3953 431
219 327
1107 214
123 865
159 5067
444 7
169 797
3106 1052
4083 2284
1421 2091
5807 5702
4319 1779
155 947
3309 257
5474 5935
1654 4309
1414 4547
4420 4409
2096 137
391 2
5908 5580
893 2
1446 1446
4213 1779
4936 4937
2712 165
1115 4593
2218 2483
2151 263
5596 3996
3511 75
3111 1344
2771 1720
5848 7
5518 137
609 11
1153 25
11 950
2201 2479
376 377
2353 11
6214 11
1482 456
3057 2
3959 545
2571 979
3368 1654
1372 1187
270 1206
2515 1328
5746 294
1253 209
3091 7
212 243
643 2
636 1632
973 1678
5663 2632
1330 1599
4980 2
751 263
628 407
17 936
2092 27
2127 5216
2619 2
5555 799
1053 137
3452 2898
6086 11
754 627
1824 530
1924 289
3814 90
2657 919
4210 857
1777 2509
1212 797
1075 968
1891 2613
5079 257
2119 137
2631 2
1420 3855
6199 6195
1707 109
1047 927
3242 289
2687 1422
3827 289
4661 431
5265 1822
95 11
5121 11
2605 382
1725 542
4559 25
68 606
5209 5178
891 889
90 253
5353 263
3036 1748
2173 257
5828 5829
5453 258
4569 1102
1748 1679
2254 2254
4961 1607
1177 327
4802 1422
5036 287
6258 257
1395 2
396 137
3702 1
2854 1186
514 4397
4189 2664
570 1
1492 70
1573 90
6101 257
5310 35
2139 9
1624 1625
2054 137
545 544
1372 1397
776 169
4102 4103
3274 3055
5278 5189
256 104
3766 27
2117 137
1235 1
74 1728
1818 327
1624 90
1102 1732
3341 15
4671 530
4294 7
1306 587
2517 289
4190 456
4248 2533
1246 1225
442 828
6070 6210
1912 137
5594 294
5444 1401
2463 2463
3032 2210
6002 4981
4402 1850
5410 11
1998 70
4145 5216
390 4622
1535 297
383 384
2895 2908
1685 1401
3648 11
5937 2649
716 107
2590 832
516 1661
5525 366
2391 1247
2340 877
1826 7
4991 456
775 648
3078 27
5243 2
1853 956
692 2
3387 3387
440 1822
3186 456
3170 3680
1360 14
108 1387
672 7
2839 144
4483 1687
774 219
67 109
125 440
148 15
1547 418
1998 1157
3281 579
281 407
1768 128
948 947
2154 382
914 505
4296 4293
536 1377
1148 54
17 3911
3500 1
4266 2885
5087 5671
3653 657
135 1738
5347 2
3380 3381
2415 1594
6098 1336
3210 1
4525 3981
5526 4397
980 1779
221 1760
4470 597
47 283
3143 1
3307 287
3460 3840
2030 137
2188 1822
6124 257
2456 11
2404 5252
2560 1521
4812 2898
1178 327
3776 11
2150 2
286 289
2213 431
1913 1728
14 393
1092 137
361 2
2219 988
4007 3244
1861 5683
185 360
3523 7
323 1779
5176 257
1535 1882
5730 23
2289 294
246 5824
376 327
4886 1675
1214 1187
5091 2851
2917 2526
6303 2736
1153 9
3686 25
2035 214
684 327
3573 1377
2247 1300
2371 1
5727 63
1108 538
45 48
414 75
155 1039
5274 2645
1913 289
3809 257
973 11
192 1533
3719 82
5431 1725
1517 7
5773 393
5886 1
178 179
3204 287
2458 1664
277 15
3325 11
3925 114
277 11
4990 1682
2336 1284
4172 257
5422 140
5262 1850
1894 221
440 1587
2529 9
4483 717
3315 11
2052 3015
3835 3885
3946 3913
2092 11
1360 382
550 3013
1254 1006
268 265
1102 417
4720 580
4199 3396
155 441
1068 877
1913 2
5803 1
4235 927
1032 2018
2360 5062
2635 35
3017 2974
748 64
5726 755
2131 1006
1246 97
2038 137
573 5776
3709 225
1432 1125
5023 4998
241 515
241 514
589 590
516 1401
3611 7
5873 289
2559 2559
776 4090
5392 861
2301 41
1837 2
5894 3075
5770 4360
4917 1729
59 927
4276 27
6234 2741
74 230
4884 4361
4779 1850
3046 4711
3233 1
1899 1535
4813 1401
767 797
5489 89
3728 951
3576 1902
5504 137
4786 474
772 751
1037 1038
4952 2898
1692 530
4949 25
5648 2473
804 327
517 580
5771 11
4856 151
1322 1631
6203 3138
374 2462
0 0
5970 666
322 2
5324 11
5068 124
1154 64
125 119
2201 2201
565 11
1913 11
1106 927
3835 4477
733 310
1333 554
1883 257
4394 4395
1672 1673
3282 953
2501 140
15 3365
776 5358
1588 586
403 799
4108 294
1207 214
5628 5672
1102 1726
363 1752
269 90
5573 1368
2796 430
5574 7
2936 893
1706 1219
3696 3697
2210 1946
64 1952
3036 5401
394 394
6051 374
4360 4757
5782 1372
3140 382
5197 9
283 267
2133 137
6058 3408
3361 15
6007 3040
5664 4622
2749 7
277 5254
1018 137
1924 2964
4248 7
2777 128
4679 289
6157 25
1073 225
2329 2329
159 351
3308 27
563 162
2256 1
3722 1284
3295 11
2245 1727
5979 1102
3225 1284
137 137
4137 11
123 124
4692 27
1192 62
3986 51
2196 944
358 294
598 11
2174 459
2078 1094
216 15
360 194
1139 238
3935 932
207 137
2563 2550
433 327
1019 137
3308 456
138 128
2251 95
1159 137
440 1241
2868 140
2743 19
4848 1186
1557 194
5351 377
1051 137
4662 6319
6 1319
4041 2232
4613 530
2287 2215
1277 1070
1795 7
6064 90
897 15
5746 275
5991 6005
161 936
2859 431
3036 225
2319 9
3284 140
5834 2195
3483 3403
3772 90
5969 666
946 557
3314 1
776 767
776 2078
2979 2898
2660 1397
5094 11
1776 622
47 1068
5055 112
5826 225
4582 1111
1495 1189
3646 587
101 101
3809 3810
5548 6018
390 1352
5820 77
117 11
155 1052
5805 92
1203 1204
1316 3088
2900 48
459 15
90 1719
958 422
1590 11
6266 2343
944 2196
6305 2
3389 3679
1228 2
1965 289
118 257
1895 2
6302 257
3589 5795
5646 5629
4651 104
2220 460
283 888
3653 137
88 15
2371 1286
155 2018
3228 456
1748 11
4465 4465
15 977
2690 941
3090 15
2411 1344
864 551
2154 58
4181 4181
5730 114
923 4010
3495 2152
1026 6011
2814 1
3691 90
1320 2
3065 4874
1270 35
923 4655
5406 1401
5501 1543
2975 289
4239 1006
829 5510
3645 861
4688 3757
2216 9
4560 1983
413 327
914 1
2601 4270
4623 4624
1432 11
4941 137
982 2898
3911 3590
4455 956
6235 6238
277 579
449 90
1202 2
3487 3516
3811 1347
914 456
1149 327
1406 611
324 68
5146 11
5715 114
3014 1
5127 225
4566 137
914 5331
3735 17
5404 2285
5833 7
207 2101
1459 62
5989 374
1675 1
1675 2
2375 225
155 726
5216 5511
2370 97
5105 1
6229 140
3741 3742
1134 327
4334 4656
4944 464
6015 11
5078 1401
5972 97
908 11
3222 225
1235 140
2969 1643
438 3258
1823 1824
2751 2751
3765 1907
5901 2
90 3769
5567 1323
2093 2
2170 183
702 968
559 327
5512 165
6285 225
1502 97
70 645
3104 1732
1392 1393
3982 1323
4763 456
4487 474
1712 48
3219 11
614 214
390 104
5287 1857
4412 2390
299 20
1076 9
1950 1536
2556 1319
1731 289
3750 505
3529 11
702 124
2490 374
5776 2
5428 1
5034 5034
68 68
2649 585
2741 1964
1808 2599
4930 897
897 2559
1582 1186
2263 966
4222 7
6006 2632
2114 950
2611 128
680 257
283 114
380 11
3305 1
2235 1439
2610 5369
3757 1001
5606 5623
2145 2337
3702 1284
57 4
3219 289
3546 547
1584 1068
1873 157
3214 17
4710 394
2366 3722
6322 17
6280 257
44 44
2673 1592
1619 114
2199 11
277 1161
4586 9
5825 3052
4308 4308
1260 1260
2114 579
5459 258
3188 257
2440 367
1878 1878
3036 3045
1352 2
4424 25
3237 1658
1629 5111
3108 3436
740 15
350 753
914 1347
3524 214
4365 456
2700 225
1711 67
6281 35
1589 15
1541 1364
772 559
3210 505
1829 889
1738 691
5913 456
1212 1212
4963 3132
2523 1
4130 7
1068 1069
155 799
2153 263
3632 3178
1585 672
1674 361
1212 62
5338 7
2188 2018
2486 2470
3009 155
4876 85
1103 327
2906 90
601 976
569 530
3881 899
2114 1352
3337 1
1102 422
5507 1189
5618 2
880 593
1037 7
4217 4183
2388 1439
3743 257
2697 1
2610 1844
2423 422
4641 1522
1239 770
5548 5549
4767 11
1923 1923
3372 1266
5433 1401
2293 1368
3037 11
5542 225
1631 1322
180 4056
4523 850
549 1598
5509 62
2433 1882
1492 377
1887 351
114 2787
1658 1658
383 25
585 1012
2399 1156
830 2
4314 5232
5159 456
6023 6036
5305 225
3859 3734
1656 1725
5352 776
5568 1844
421 5019
5718 15
2886 128
4215 23
4966 4191
4315 1325
983 225
2058 726
5685 137
6015 1964
45 1864
771 327
59 157
4060 1725
1370 11
2930 121
4792 4791
2091 1199
845 407
1062 27
3771 90
713 11
887 4622
2885 1697
3584 2
6293 116
1612 1291
5546 11
1613 48
1531 3722
783 327
4476 985
6298 6243
2287 456
4574 7
5452 3685
3262 257
2266 1444
5810 1184
4783 225
2957 7
2535 505
1008 1
1126 15
1126 92
2677 1913
2739 11
1976 1268
2989 1850
354 1352
1126 11
2828 2509
5564 547
2320 257
2128 249
3006 15
4638 505
2433 1728
327 759
1197 953
3006 11
805 137
752 739
5130 9
1974 530
1920 307
14 3838
1484 7
3861 1937
406 1869
114 31
1026 1334
4919 289
4259 225
5860 1
993 2
422 504
390 1
1124 5950
5483 5325
427 225
69 2505
15 1822
4780 7
391 2960
3569 1701
677 137
155 2
3384 3617
3235 3235
1046 422
421 755
692 1102
3691 279
1483 877
5303 5304
5275 5233
3210 287
2591 82
2463 2614
4769 11
670 137
3233 600
374 375
3993 5201
4373 5354
4779 4815
2521 2521
6014 6021
919 2295
3036 3922
5365 177
941 90
4281 11
5543 289
406 2181
3757 7
2284 4083
4125 3285
1458 137
3860 2569
4809 3342
1917 225
5881 4467
2107 351
4342 4723
2763 257
4117 2797
2368 140
5947 257
2965 7
203 1170
3519 3520
3937 4768
2710 225
3039 1
6052 5823
440 1526
109 1
4121 4156
778 382
3783 1
276 3025
1518 1181
1990 1166
155 4166
2474 289
809 137
776 772
3085 9
906 906
1038 7
5478 5478
2028 137
68 287
5561 431
3723 857
5175 2
2852 2
5775 456
2506 128
6308 11
4920 11
6287 11
1600 2691
2741 11
4217 4217
1417 15
351 664
1102 530
1396 77
2278 67
970 947
286 2964
2187 3560
254 191
4950 137
458 1869
4676 9
735 593
2692 2684
41 197
565 831
2644 474
2994 2485
695 54
2909 140
2693 1039
4728 15
360 2174
1012 1009
3422 75
1359 11
2333 947
2719 11
5219 5218
3101 3101
1839 2027
4432 4622
1195 2
2193 2318
2707 2431
812 402
5359 137
2124 137
262 664
1217 2465
4510 1664
2969 2969
109 992
2335 2335
557 449
3850 294
2336 587
2559 3318
3601 3602
2083 2084
602 118
4200 77
775 327
1453 530
5342 5342
3438 927
5667 11
5136 93
4737 1947
304 530
6075 225
5652 5647
2916 7
3418 600
7 1822
5320 5425
1187 1697
2678 1
513 35
1942 600
5563 27
277 225
810 137
5117 11
4630 114
3751 530
219 1183
938 1497
6309 6156
5290 5291
2592 1256
197 104
673 674
161 5468
4223 4013
4447 927
5091 5089
1260 451
163 936
1490 11
1236 1863
4505 225
4340 3296
2543 1591
3142 225
757 86
5128 110
1005 1005
3826 2219
3093 4104
3585 7
4057 382
2012 2496
1020 2174
1759 579
2229 77
3766 988
2102 137
2352 58
5237 2580
884 11
1465 137
3171 7
829 645
1319 1697
5026 992
4359 2442
646 947
3719 2
4029 221
5940 2
4206 7
159 63
1520 1319
764 602
155 951
2289 456
3305 1150
1993 137
5565 2
3036 109
4338 4338
4433 2
5393 294
181 108
390 579
5958 876
3347 2946
5924 2741
15 1284
281 1468
3608 4479
283 47
857 4089
5289 4145
638 638
2991 11
4493 3461
4396 257
4877 225
2654 2
2869 36
4226 2442
1959 449
748 797
6278 257
2223 15
3036 947
4329 4329
5309 5294
3700 7
722 214
362 7
5575 2220
1148 357
2289 992
14 1779
3257 973
4318 374
1670 4524
1824 1823
3362 332
1297 11
5960 9
4667 2
1061 77
4653 194
511 2
535 5112
793 214
3026 11
2854 11
5285 257
78 15
2251 861
1398 15
78 11
3868 15
3471 87
355 62
3385 876
6253 257
428 102
610 11
5387 7
2610 4713
375 731
1713 3099
687 177
433 776
2300 397
3936 3936
1581 2
5897 7
3435 1714
4659 7
2152 3495

